- Progress:
3. Neural network
(1) 10-fold CV
decay: 0.01 ~ 0.0001
size:  2,4,6,8,10
====================================
          2     4     6     8   10
------------------------------------
1e-04 0.270 0.315 0.285 0.340 0.33
0.001 0.285 0.305 0.275 0.330 0.32
0.01  0.290 0.275 0.290 0.275 0.28
====================================


(2) 20-fold CV
decay: 0.01 ~ 0.0001
size:  2,4,6,8,10
====================================
          2     4     6     8   10
------------------------------------
1e-04 0.285 0.33 0.285 0.295 0.295
0.001 0.260 0.32 0.275 0.335 0.300
0.01  0.260 0.28 0.255 0.285 0.300
====================================


(3) 50-fold CV
decay: 0.01 ~ 0.0001
size:  2,4,6,8,10
====================================
          2     4     6     8   10
------------------------------------
1e-04 0.245 0.270 0.305 0.310 0.335
0.001 0.240 0.265 0.255 0.340 0.325
0.01  0.270 0.270 0.270 0.285 0.325
====================================


(4) leave-one-out CV
decay: 0.01 ~ 0.0001
size:  2,4,6,8,10
====================================
          2     4     6     8   10
------------------------------------
1e-04 0.265 0.310 0.265 0.295 0.34
0.001 0.260 0.265 0.270 0.295 0.34
0.01  0.275 0.290 0.240 0.290 0.33
====================================

(5) y~., softmax = T, Bootstrap : 10
              2         4         6         8        10
1e-04 0.3132376 0.3053796 0.3267825 0.3578717 0.3380498
0.001 0.3198956 0.3038291 0.3344145 0.3692307 0.3346302
0.01  0.3219223 0.3089915 0.3234398 0.3430966 0.3554206

(6) y~., softmax = T, Bootstrap : 100
              2         4         6         8        10
1e-04 0.2922202 0.3074455 0.3229508 0.3452560 0.3435767
0.001 0.2909706 0.3094922 0.3234800 0.3333634 0.3435177
0.01  0.2893202 0.3065319 0.3155060 0.3287283 0.3362658


(7) y~. , entropy = T, 10 bootstrap
              2         4         6         8        10
1e-04 0.2874379 0.3046801 0.3246837 0.3186580 0.3464983
0.001 0.2838748 0.3194377 0.3165033 0.3281570 0.3112816
0.01  0.2902168 0.3078966 0.3069660 0.3238399 0.3230278


(8) y~. , entropy = T, 100 bootstrap
              2         4         6         8        10
1e-04 0.2954373 0.3086159 0.3204166 0.3363119 0.3326022
0.001 0.2907237 0.3079661 0.3225948 0.3315391 0.3314337
0.01  0.2912017 0.3038277 0.3185010 0.3274022 0.3209766


(9) y~x.1+x.2^2, entropy = T, 10 bootstrap
              2         4         6         8        10
1e-04 0.2915032 0.3021281 0.2696418 0.3259955 0.2958076
0.001 0.3002692 0.2890496 0.2826221 0.2983607 0.3094175
0.01  0.2870783 0.2679344 0.2898528 0.2766485 0.2838156

(10) y~x.1+x.2^2, entropy = T, 100 bootstrap
              2         4         6         8        10
1e-04 0.2684109 0.2870304 0.2767627 0.2931930 0.3045855
0.001 0.2679329 0.2848121 0.2772517 0.2904960 0.2953823
0.01  0.2681109 0.2652368 0.2647891 0.2704121 0.2741979