- Progress:
6. Comparing all classifiers
(1) CV
Tab. SSE for CV with fold:2~200
======================================================== 
    LogReg    LR2    LDA    QDA   NNET   5-NN    SVM 
--------------------------------------------------------
2    0.275  0.260  0.250  0.275  0.270  0.240  0.240
5    0.270  0.255  0.240  0.265  0.305  0.275  0.255
10   0.250  0.255  0.250  0.270  0.290  0.265  0.270
20   0.250  0.255  0.250  0.275  0.255  0.285  0.265
50   0.260  0.250  0.250  0.275  0.270  0.280  0.265
100  0.265  0.255  0.250  0.275  0.280  0.290  0.260
200  0.260  0.260  0.255  0.275  0.240  0.290  0.260
========================================================

(2) Bootstrapping
================================================================================ 
        LogReg       LR2       LDA      QDA       NNET      5-NN       SVM
---------------------------------------------------------------------------------
10   0.2531831 0.2542389 0.2766760 0.2887521 0.2722906 0.3283964 0.2628181
50   0.2742031 0.2648078 0.2740061 0.2854708 0.2720508 0.3193700 0.2735193
100  0.2648945 0.2587741 0.2620718 0.2758238 0.2650103 0.3112456 0.2629029
=================================================================================
Min  0.1710526 0.1625000 0.1710526 0.1884058 0.1549296 0.2105263 0.1690141


(3) Bagging
    LDA(1)  LDA(2)  QDA(1)  QDA(2)  LR(1)   LR(2)
10  0.240   0.245   0.240   0.275   0.250   0.245
50  0.245   0.250   0.240   0.270   0.245   0.250
100 0.240   0.250   0.255   0.260   0.235   0.260

    NNET(1) NNET(2) SVM(1)
10  0.175   0.205   0.230
50  0.155   0.160   0.250
100 0.150   0.145   0.245

(4) Arcing
        NNET(1) NNET(2) LR(1)   SVM
10      0.080   0.145   0.260   0.255
50      0.035   0.120   0.255   0.250
100     0.020   0.100   0.270   0.240
250     0.035
300     0.025
400     0.020
500     0.015
600     0.015
700     0.025
1000    0.025


(5) Errer rate estimate: (from 100 resampling)
model: NNET, k=4, decay=0.01, entropy=T, formula=y~.

        Mean    Stdev
ARC10   0.07720 0.01731
ARC50   0.03370 0.01392
ARC100  0.01855 0.01038
ARC250  0.03345 0.01199
ARC500  0.01395 0.00811
ARC600  0.01425 0.00946


