- Progress:
4. k-nearest neighbor

Tab. SSE for kNN with cv, k:1~10, fold:0~200
====================================
          1     2     3     4     5     6     7     8     9    10
------------------------------------
0     0.000 0.185 0.155 0.175 0.200 0.240 0.250 0.245 0.225 0.255
2     0.290 0.335 0.290 0.255 0.240 0.265 0.255 0.275 0.265 0.290
5     0.315 0.340 0.275 0.310 0.275 0.280 0.265 0.305 0.285 0.275
10    0.310 0.315 0.285 0.275 0.265 0.290 0.270 0.275 0.280 0.290
20    0.335 0.345 0.300 0.285 0.285 0.325 0.285 0.280 0.270 0.280
50    0.345 0.355 0.290 0.290 0.280 0.290 0.295 0.285 0.285 0.275
100   0.345 0.360 0.290 0.295 0.290 0.295 0.300 0.275 0.280 0.270
200   0.345 0.335 0.290 0.290 0.290 0.285 0.300 0.305 0.280 0.265
====================================

Tab.  SSE for kNN with 100 boot strapping, k:1~10
        1         2         3        4         5         6         7         8        9        10
0.3466217 0.3350964 0.3269038 0.320504 0.3107899 0.3009212 0.2944588 0.2891807 0.284951 0.2817153



